100
1.000047265
1.000048998
1.000044397
1.000014153
0.999987590
1.000016360
1.000013377
1.000028214
1.000045431
1.000042040
0.999965998
1.000033933
0.999997469
0.999953272
0.999970091
0.999960208
1.000029664
1.000005433
0.999950568
0.999951976
1.000003039
1.000033874
0.999970428
1.000033207
0.999969207
1.000039225
1.000035612
0.999987707
1.000043084
0.999995889
0.999967442
0.999997484
0.999976059
1.000024999
1.000021267
0.999994031
1.000001208
0.999984913
0.999978905
0.999998171
0.999970736
1.000018342
0.999950156
1.000046663
1.000024339
0.999973948
0.999996858
1.000006854
0.999952124
1.000016654
0.999997860
0.999956504
1.000036498
0.999988431
1.000016801
0.999979477
0.999970000
1.000003536
1.000000964
0.999965187
0.999977611
0.999986500
0.999975184
0.999966338
1.000049830
0.999970574
0.999965836
0.999994233
0.999952954
1.000028977
1.000011976
1.000025630
0.999992349
0.999961743
1.000008318
1.000046135
0.999971423
0.999984271
0.999995614
1.000041434
0.999968056
0.999981571
0.999995429
1.000026726
1.000006896
0.999997600
1.000028067
1.000038127
1.000041563
0.999954772
1.000025574
1.000028696
0.999961057
1.000048911
1.000035879
1.000023537
1.000032054
0.999982835
0.999979983
1.000033734
